w- 31 m

6. 7111111111 (11111111111111111.

-—-—---—--—-——------------..-..-—.--..--
ἢ, Namon Geburts' 81111111111111711111111ἐξέ.1 0111111111·
’ w (1111711111. ΞΞῈΞ 811111.

111 Herbst 1889.
1111101161111,11111 1 1171870 Ι 171111 {evang} 8111111111111111,116111111141221311111111111111111111.

1). 0511111890.

1 1111111, Friedrich 2561870 11101111111,Κ1111 evang. 21111111111111111111111 6 2 1111111111,

2 11111111,111111113,11 1872 71161161οῃ6 θ1161111 1111. Ροε11·111111111 37, 2 1211111111.

3 1111111111, 11111111 181871 Boirffi 1111. 11111, 66113111 9 2 Theologie.

4 11111, August 1635. 1870 11611111· evang. Konsistorial·Kanzlist 10 2 71111111111111111.
5861111111, 11111 16171870 8111111111,Κ1111 11111. 81111111111111111311ι 2 2 7111111111.

6 11161111,1711111111 12712. 1869 16066168111111 811111111111·111111111·11 8 2 71111οὲ11,

7 8111111111, Julius 19,’5, 1871 1111111 11111111.11161111111111161111111, 21, 2 111111111111111311111.

8 81111111, 11111 7,·’.8 1868 L6dinghause11 11111. Α1116ἰέἒ11811111111, 1111111111 10 3 111111111111111111

9 111611111111,01ο1ς 1261867 Μ11111111 , 111111111111111111) 11 2 111116111ςί1.

10 1111111110, Κ111 1661868 7111111111,111111 , 8111111111111 11111 7 2 8111111111111111.

11 11111111111711111 2831868 1116116116ωῃ Δ, 6111111111 12 2 81111111111111111111.

12 1111111111, 1111111111 14111811 81111111, , , 111111111111111111ι 2 Ingenieursach.

13 1111111111,111111 71101871 01111116 1 , 1113111111111,Βο11111 4 2 111111111111111111111,

11 1113111111,17111111 1812. 1871 0111111611ρώ ’111111Ι 1111111, 1111111111 17 2 111111111111.

15 7161111, 3111111111 11161111 8111111 1111111611 11111. 1111111111 6 2 11111111111111111,

16 011111, 1111111111 13111811 1111111 .. 6111111111 5 2 Theologie.

17 1111111111,1111111 3111111168 M6nster , ,11111111 17 2 ’1211111111 11. 01111.

18 1111111111,11111 41111811 Godesberg . 0111111111 6 2 81111111111111116,

19 111111111111,11111111121.1,8 1870 1161111 , 1111111111 ⁸⁰ 2 111111111111111111.

20 1111111111111111111 15161871 1111111111 , M6hlenbes1tzer 16 2 Rechtsmssensehaft.

21 Κ1111,171111111 2391 1111 1111111111 11610101601111 111 ⁸8⁶ 3 11111131,

22 Langen, 11111111 166 1872 1111111111 Professor 9 2 811111Π111111111111.

23 Meyer, 1111111116,10.6,1871 Papo nburg Schiffsbaumeister {4 2 7111111111.
2111111111-311111-811111111-10 2 Theologie.

21 111111101311611111111 1116Ι 1870 M6pnester

25 011111, 1111111 21,’.4 1809 2611111111θί1166166610τὸ161111 ‚4 2 71111111.

26 1111011111,811111111 3113, 1872 611ἔὲ6661, 011711 ,, 161111111111111111 ⁸ 2 1111111111111111111 t.

27 0111111111,1111111120.;9, 1869 17ῗέᾛῶ ξῗὲξθη ⁸ „ Kaufmann ⁸ 3 1111111111.

28 11111, ’1111611 13111869 111υὲ0161,611111 Ι , 1111111111111111111111]ι ⁸8 2 1111111111,

29 1111111,Η11111111 171101866 1116116161Ῐ1Μἰ , 1111111171, 2 16316111.

30 811111111111111111 2111870 8111111011-121, 111311111111-11611111111, 31, 2 7111111111.

31 8111111111, Wilhelm 19781869 1111111111116111111ῃῃ,1161161686θηῖ 3 2 Post 11111.

32 8111111,17111111 4111811 11111111 11111111 4 2 Theologie.

33 8111111111, Emil 6111870 61111111’066111101111166111111 26, 2 Medizin.

34 81111, 0111 19. .6. 1869 01111111 1111111,051111111111161,111111111111 811, 2 17111111311113111111,

36 Τ11111,,111111111111 197 1870 Drensteinfurt 1111. 1111111111 2 2 1111111111.

36 7111111,Η111111”111 1736 1869 11111111 6111111111111 2 2 Theologie.

31 111111,11311111 1131111 Enffilgl 8216 ἱ” 1111111 1 1 1111311.
Ι

38 17111111,171111111 222, 1871 1111111111 , 1111111111 9 ⁸2 611111111113111111.

⁸1
⁸⁸1

 

